tensor([[[ 0.0000,  0.0000]],

        [[ 0.0597,  0.7384]],

        [[ 0.2088,  1.1993]],

        [[ 0.4110,  1.4520]],

        [[ 0.6386,  1.5433]],

        [[ 0.8703,  1.5134]],

        [[ 1.0902,  1.3899]],

        [[ 1.2859,  1.1960]],

        [[ 1.4483,  0.9518]],

        [[ 1.5711,  0.6728]],

        [[ 1.6499,  0.3701]],

        [[ 1.6823,  0.0592]],

        [[ 1.6678, -0.2526]],

        [[ 1.6066, -0.5566]],

        [[ 1.5008, -0.8448]],

        [[ 1.3533, -1.1080]],

        [[ 1.1683, -1.3421]],

        [[ 0.9503, -1.5426]],

        [[ 0.7053, -1.7013]],

        [[ 0.4393, -1.8209]],

        [[ 0.1587, -1.8944]],

        [[-0.1296, -1.9213]],

        [[-0.4183, -1.9014]],

        [[-0.7005, -1.8351]],

        [[-0.9695, -1.7258]],

        [[-1.2189, -1.5768]],

        [[-1.4429, -1.3884]],

        [[-1.6359, -1.1657]],

        [[-1.7931, -0.9158]],

        [[-1.9112, -0.6469]],

        [[-1.9870, -0.3569]],

        [[-2.0185, -0.0596]],

        [[-2.0050,  0.2378]],

        [[-1.9469,  0.5319]],

        [[-1.8451,  0.8176]],

        [[-1.7016,  1.0821]],

        [[-1.5203,  1.3190]],

        [[-1.3052,  1.5297]],

        [[-1.0607,  1.7074]],

        [[-0.7925,  1.8451]],

        [[-0.5065,  1.9416]],

        [[-0.2093,  1.9937]],

        [[ 0.0924,  2.0016]],

        [[ 0.3919,  1.9639]],

        [[ 0.6823,  1.8818]],

        [[ 0.9571,  1.7565]],

        [[ 1.2101,  1.5932]],

        [[ 1.4354,  1.3911]],

        [[ 1.6282,  1.1617]],

        [[ 1.7842,  0.9031]],

        [[ 1.8997,  0.6251]],

        [[ 1.9720,  0.3320]],

        [[ 1.9994,  0.0309]],

        [[ 1.9813, -0.2700]],

        [[ 1.9182, -0.5657]],

        [[ 1.8114, -0.8501]],

        [[ 1.6632, -1.1103]],

        [[ 1.4777, -1.3474]],

        [[ 1.2588, -1.5524]],

        [[ 1.0115, -1.7232]],

        [[ 0.7410, -1.8570]],

        [[ 0.4536, -1.9490]],

        [[ 0.1557, -1.9950]],

        [[-0.1456, -1.9956]],

        [[-0.4437, -1.9508]],

        [[-0.7317, -1.8623]],

        [[-1.0030, -1.7308]],

        [[-1.2517, -1.5626]],

        [[-1.4721, -1.3557]],

        [[-1.6590, -1.1189]],

        [[-1.8082, -0.8566]],

        [[-1.9161, -0.5709]],

        [[-1.9800, -0.2763]],

        [[-1.9991,  0.0244]],

        [[-1.9730,  0.3216]],

        [[-1.9023,  0.6140]],

        [[-1.7886,  0.8915]],

        [[-1.6345,  1.1493]],

        [[-1.4432,  1.3820]],

        [[-1.2193,  1.5836]],

        [[-0.9676,  1.7494]],

        [[-0.6940,  1.8743]],

        [[-0.4046,  1.9570]],

        [[-0.1061,  1.9961]],

        [[ 0.1950,  1.9900]],

        [[ 0.4917,  1.9387]],

        [[ 0.7772,  1.8425]],

        [[ 1.0452,  1.7056]],

        [[ 1.2896,  1.5298]],

        [[ 1.5044,  1.3155]],

        [[ 1.6850,  1.0758]],

        [[ 1.8274,  0.8103]],

        [[ 1.9285,  0.5274]],

        [[ 1.9862,  0.2367]],

        [[ 1.9992, -0.0655]],

        [[ 1.9667, -0.3637]],

        [[ 1.8897, -0.6560]],

        [[ 1.7697, -0.9324]],

        [[ 1.6096, -1.1881]],

        [[ 1.4127, -1.4184]],

        [[ 1.1837, -1.6149]],

        [[ 0.9278, -1.7737]],

        [[ 0.6509, -1.8933]],

        [[ 0.3593, -1.9685]],

        [[ 0.0596, -2.0003]],

        [[-0.2415, -1.9866]],

        [[-0.5371, -1.9271]],

        [[-0.8205, -1.8245]],

        [[-1.0851, -1.6798]],

        [[-1.3249, -1.4970]],

        [[-1.5350, -1.2835]],

        [[-1.7104, -1.0376]],

        [[-1.8466, -0.7659]],

        [[-1.9406, -0.4801]],

        [[-1.9910, -0.1860]],

        [[-1.9964,  0.1152]],

        [[-1.9564,  0.4135]],

        [[-1.8722,  0.7015]],

        [[-1.7454,  0.9768]],

        [[-1.5790,  1.2283]],

        [[-1.3765,  1.4504]],

        [[-1.1429,  1.6439]],

        [[-0.8831,  1.7955]],

        [[-0.6036,  1.9062]],

        [[-0.3105,  1.9750]],

        [[-0.0103,  1.9990]],

        [[ 0.2900,  1.9781]],

        [[ 0.5838,  1.9117]],

        [[ 0.8642,  1.8019]],

        [[ 1.1250,  1.6516]],

        [[ 1.3604,  1.4659]],

        [[ 1.5653,  1.2450]],

        [[ 1.7344,  0.9955]],

        [[ 1.8644,  0.7247]],

        [[ 1.9521,  0.4365]],

        [[ 1.9955,  0.1376]],

        [[ 1.9933, -0.1664]],

        [[ 1.9460, -0.4609]],

        [[ 1.8548, -0.7462]],

        [[ 1.7216, -1.0172]],

        [[ 1.5495, -1.2631]],

        [[ 1.3420, -1.4852]],

        [[ 1.1035, -1.6714]],

        [[ 0.8403, -1.8153]],

        [[ 0.5581, -1.9202]],

        [[ 0.2635, -1.9818]],

        [[-0.0371, -1.9986]],

        [[-0.3369, -1.9703]],

        [[-0.6290, -1.8980]],

        [[-0.9069, -1.7812]],

        [[-1.1641, -1.6250]],

        [[-1.3953, -1.4353]],

        [[-1.5951, -1.2095]],

        [[-1.7587, -0.9562]],

        [[-1.8823, -0.6810]],

        [[-1.9633, -0.3914]],

        [[-1.9997, -0.0899]],

        [[-1.9905,  0.2115]],

        [[-1.9361,  0.5087]],

        [[-1.8379,  0.7924]],

        [[-1.6980,  1.0598]],

        [[-1.5195,  1.3033]],

        [[-1.3065,  1.5172]],

        [[-1.0638,  1.6962]],

        [[-0.7969,  1.8374]],

        [[-0.5121,  1.9348]],

        [[-0.2158,  1.9886]],

        [[ 0.0853,  1.9982]],

        [[ 0.3844,  1.9629]],

        [[ 0.6748,  1.8821]],

        [[ 0.9498,  1.7597]],

        [[ 1.2033,  1.5959]],

        [[ 1.4291,  1.3952]],

        [[ 1.6224,  1.1656]],

        [[ 1.7790,  0.9078]],

        [[ 1.8955,  0.6321]],

        [[ 1.9689,  0.3400]],

        [[ 1.9974,  0.0384]],

        [[ 1.9808, -0.2590]],

        [[ 1.9195, -0.5532]],

        [[ 1.8145, -0.8362]],

        [[ 1.6683, -1.1010]],

        [[ 1.4839, -1.3403]],

        [[ 1.2657, -1.5493]],

        [[ 1.0186, -1.7220]],

        [[ 0.7486, -1.8544]],

        [[ 0.4617, -1.9442]],

        [[ 0.1644, -1.9914]],

        [[-0.1365, -1.9935]],

        [[-0.4344, -1.9506]],

        [[-0.7224, -1.8631]],

        [[-0.9940, -1.7339]],

        [[-1.2432, -1.5653]],

        [[-1.4644, -1.3644]],

        [[-1.6526, -1.1271]],

        [[-1.8031, -0.8654]],

        [[-1.9129, -0.5879]],

        [[-1.9794, -0.2932]],

        [[-2.0010,  0.0085]],

        [[-1.9767,  0.3120]]])